10;3;3;
10;3;3;
10;3;3;
10;3;3;
10;3;3;
10;3;3;
10;3;3;
10;3;3;
10;3;3;
10;3;3;
10;3;3;
10;3;3;
10;3;3;
10;3;3;
10;3;3;
10;3;3;
10;3;3;
10;3;3;
10;3;3;
10;3;3;
10;3;3;
10;4;3;
10;4;3;
10;4;3;
10;4;3;
10;4;3;
10;4;3;
10;4;3;
10;4;3;
10;4;3;
10;4;3;
10;4;3;
10;4;3;
10;4;3;
10;4;3;
10;4;3;
10;4;3;
10;4;3;
10;4;3;
10;4;3;
10;4;3;
10;4;3;
10;4;3;
10;5;3;
10;5;3;
10;5;3;
10;5;3;
10;5;3;
10;5;3;
10;5;3;
10;5;3;
10;5;3;
10;5;3;
10;4;4;
10;4;4;
10;4;4;
10;4;4;
10;4;4;
10;4;4;
10;4;4;
10;5;4;
10;5;4;
10;5;4;
10;5;4;
10;5;4;
10;5;4;
10;5;4;
10;5;4;
10;5;4;
10;5;4;
10;5;4;
10;5;4;
10;5;4;
10;5;4;
10;5;4;
10;5;4;
10;5;4;
10;5;4;
10;5;4;
10;5;4;
10;5;4;
10;5;4;
10;5;4;
10;5;4;
10;5;4;
10;5;4;
10;5;4;
10;5;4;
10;5;4;
10;5;4;
10;5;4;
10;5;4;
10;5;4;
10;5;4;
10;5;4;
10;5;4;
10;5;4;
10;5;4;
10;4;5;
10;4;5;
10;4;5;
10;4;5;
10;4;5;
10;4;5;
10;4;5;
10;4;5;
10;4;5;
10;4;5;
10;4;5;
10;4;5;
10;4;5;
10;4;5;
10;4;5;
10;4;5;
10;4;5;
10;4;5;
10;4;5;
10;4;5;
10;4;5;
10;4;5;
10;4;5;
10;4;5;
10;4;5;
10;4;5;
10;4;5;
10;4;5;
10;3;6;
10;3;6;
10;3;6;
10;3;6;
10;3;6;
10;3;6;
10;3;6;
10;3;6;
10;3;6;
10;3;6;
10;3;6;
10;3;6;
10;3;6;
10;3;6;
10;3;6;
10;3;6;
10;3;6;
10;3;6;
10;3;6;
10;3;6;
10;3;6;
10;3;6;
10;3;6;
10;3;6;
10;3;6;
10;3;6;
10;3;6;
10;3;6;
10;3;6;
10;3;6;
10;3;6;
10;3;6;
10;3;6;
10;3;6;
10;3;6;
10;3;6;
10;3;6;
10;3;6;
10;3;6;
10;3;6;
10;3;6;
10;3;6;
10;3;6;
10;3;6;
10;3;6;
10;3;6;
10;3;6;
10;3;6;
10;3;6;
10;3;6;
10;3;6;
10;3;6;
10;3;6;
10;3;6;
10;3;6;
10;3;6;
10;3;6;
10;3;6;
10;3;6;
10;3;6;
10;3;6;
10;3;6;
10;3;6;
10;3;6;
10;3;6;
10;3;6;
10;3;6;
10;3;6;
10;3;6;
10;3;6;
10;3;6;
10;3;6;
10;3;6;
10;3;6;
10;3;6;
10;3;6;
10;3;6;
10;3;6;
10;3;6;
10;3;6;
10;3;6;
10;3;6;
10;3;6;
10;3;6;
10;3;6;
10;3;6;
10;3;6;
10;3;6;
10;3;6;
10;3;6;
10;3;6;
10;3;6;
10;3;6;
10;3;6;
10;3;6;
10;3;6;
10;3;6;
10;3;6;
10;3;6;
10;3;6;
10;3;6;
10;3;6;
10;3;6;
10;3;6;
10;3;6;
10;3;6;
10;3;6;
10;3;6;
10;3;6;
10;3;6;
10;2;7;
10;2;7;
10;2;7;
10;2;7;
10;2;7;
10;2;7;
10;2;7;
10;2;7;
10;2;7;
10;2;7;
10;2;7;
10;2;7;
10;2;7;
10;2;7;
10;2;7;
10;2;7;
10;2;7;
10;2;7;
10;2;7;
10;2;7;
10;2;7;
10;2;7;
10;2;7;
10;2;7;
10;2;7;
10;2;7;
10;2;7;
10;2;7;
10;2;7;
10;2;7;
10;2;7;
10;2;7;
10;2;7;
10;2;7;
10;2;7;
10;2;7;
10;2;7;
10;2;7;
10;2;7;
10;2;7;
10;2;7;
10;2;7;
10;2;7;
10;2;7;
10;2;7;
10;2;7;
10;2;7;
10;2;7;
10;2;7;
10;2;7;
10;2;7;
10;2;7;
10;1;8;
10;0;9;
result;Carnivore won;
10;3;3;
10;3;3;
10;3;3;
10;3;3;
10;3;3;
10;3;3;
10;3;3;
10;3;3;
10;3;3;
10;3;3;
10;3;3;
10;3;3;
10;3;3;
10;3;3;
10;3;3;
10;3;3;
10;3;3;
10;3;3;
10;3;3;
10;3;3;
10;3;3;
10;3;3;
10;3;3;
10;3;3;
10;3;3;
10;3;3;
10;3;3;
10;3;3;
10;3;3;
10;3;3;
10;3;3;
10;3;3;
10;3;3;
10;3;3;
10;3;3;
10;3;3;
10;3;3;
10;3;3;
10;3;3;
10;3;3;
10;3;3;
10;3;3;
10;3;3;
10;3;3;
10;4;3;
10;4;3;
10;4;3;
10;4;3;
10;4;3;
10;4;3;
10;4;3;
10;4;3;
10;4;3;
10;4;3;
10;4;3;
10;4;3;
10;4;3;
10;5;3;
10;5;3;
10;5;3;
10;5;3;
10;5;3;
10;5;3;
10;5;3;
10;5;3;
10;5;3;
10;5;3;
10;5;3;
10;5;3;
10;5;3;
10;5;3;
10;6;3;
10;6;3;
10;6;3;
10;6;3;
10;6;3;
10;6;3;
10;6;3;
10;7;3;
10;7;3;
10;7;3;
10;7;3;
10;7;3;
10;7;3;
10;7;3;
10;7;3;
10;7;3;
10;7;3;
10;7;3;
10;7;3;
10;7;3;
10;7;3;
10;7;3;
10;7;3;
10;7;3;
10;7;3;
10;7;3;
10;7;3;
10;7;3;
10;7;3;
10;7;3;
10;7;3;
10;7;3;
10;7;3;
10;7;3;
10;7;3;
10;7;3;
10;7;3;
10;6;4;
10;6;4;
10;6;4;
10;6;4;
10;6;4;
10;6;4;
10;6;4;
10;6;4;
10;6;4;
10;6;4;
10;6;4;
10;6;4;
10;6;4;
10;6;4;
10;6;4;
10;6;4;
10;6;4;
10;5;5;
10;5;5;
10;5;5;
10;5;5;
10;5;5;
10;5;5;
10;5;5;
10;5;5;
10;5;5;
10;5;5;
10;5;5;
10;5;5;
10;5;5;
10;5;5;
10;5;5;
10;4;6;
10;3;7;
10;3;7;
10;3;7;
10;3;7;
10;3;7;
10;3;7;
10;3;7;
10;3;7;
10;3;7;
10;3;7;
10;3;7;
10;3;7;
10;3;7;
10;3;7;
10;3;7;
10;3;7;
10;3;7;
10;3;7;
10;3;7;
10;3;7;
10;3;7;
10;3;7;
10;3;7;
10;3;7;
10;3;7;
10;3;7;
10;3;7;
10;3;7;
10;3;7;
10;3;7;
10;3;7;
10;3;7;
10;3;7;
10;3;7;
10;2;8;
10;2;8;
10;2;8;
10;2;8;
10;2;8;
10;2;8;
10;2;8;
10;1;9;
10;1;9;
10;1;9;
10;1;9;
10;1;9;
10;1;9;
10;1;9;
10;1;9;
10;1;9;
10;1;9;
10;1;9;
10;1;9;
10;1;9;
10;1;9;
10;1;9;
10;1;9;
10;1;9;
10;1;9;
10;1;9;
10;1;9;
10;1;9;
10;1;9;
10;1;9;
10;1;9;
10;1;9;
10;1;9;
10;1;9;
10;1;9;
10;1;9;
10;1;9;
10;1;9;
10;1;9;
10;1;9;
10;1;9;
10;1;9;
10;1;9;
10;1;9;
10;1;9;
10;1;9;
10;1;9;
10;1;9;
10;1;9;
10;1;9;
10;1;9;
10;1;9;
10;1;9;
10;1;9;
10;1;9;
10;1;9;
10;1;9;
10;1;9;
10;1;9;
10;1;9;
10;1;9;
10;1;9;
10;1;9;
10;1;9;
10;1;9;
10;1;9;
10;1;9;
10;1;9;
10;1;9;
10;1;9;
10;1;9;
10;1;9;
10;1;9;
10;1;9;
10;1;9;
10;1;9;
10;1;9;
10;1;9;
10;1;9;
10;1;9;
10;1;9;
10;1;9;
10;1;9;
10;1;9;
10;1;9;
10;1;9;
10;1;9;
10;1;9;
10;1;9;
10;1;9;
10;1;9;
10;1;9;
10;1;9;
10;1;9;
10;1;9;
10;1;9;
10;1;9;
10;1;9;
10;1;9;
10;1;9;
10;1;9;
10;1;9;
10;1;9;
10;1;9;
10;1;9;
10;1;9;
10;1;9;
10;1;9;
10;1;9;
10;1;9;
10;1;9;
10;1;9;
10;1;9;
10;1;9;
10;1;9;
10;1;9;
10;1;9;
10;1;9;
10;1;9;
10;1;9;
10;1;9;
10;1;9;
10;1;9;
10;1;9;
10;1;9;
10;1;9;
10;1;9;
10;1;9;
10;1;9;
10;1;9;
10;1;9;
10;1;9;
10;0;10;
result;Carnivore won;
10;3;3;
10;3;3;
10;3;3;
10;3;3;
10;3;3;
10;3;3;
10;3;3;
10;3;3;
10;3;3;
10;3;3;
10;3;3;
10;3;3;
10;3;3;
10;3;3;
10;3;3;
10;3;3;
10;3;3;
10;3;3;
10;3;3;
10;3;3;
10;3;3;
10;3;3;
10;3;3;
10;3;3;
10;3;3;
10;3;3;
10;3;3;
10;3;3;
10;3;3;
10;3;3;
10;3;3;
10;3;3;
10;3;3;
10;3;3;
10;3;3;
10;3;3;
10;3;3;
10;3;3;
10;3;3;
10;3;3;
10;3;3;
10;3;3;
10;3;3;
10;3;3;
10;3;3;
10;3;3;
10;3;3;
10;3;3;
10;3;3;
10;3;3;
10;3;3;
10;3;3;
10;3;3;
10;3;3;
10;3;3;
10;3;3;
10;3;3;
10;3;3;
10;3;3;
10;3;3;
10;3;3;
10;3;3;
10;3;3;
10;3;3;
10;3;3;
10;3;3;
10;3;3;
10;3;3;
10;3;3;
10;3;3;
10;3;3;
10;3;3;
10;3;3;
10;3;3;
10;3;3;
10;3;3;
10;3;3;
10;3;3;
10;3;3;
10;3;3;
10;3;3;
10;3;3;
10;3;3;
10;3;3;
10;3;3;
10;3;3;
10;3;3;
10;3;3;
10;3;3;
10;3;3;
10;3;3;
10;3;3;
10;3;3;
10;3;3;
10;3;3;
10;3;3;
10;3;3;
10;3;3;
10;3;3;
10;3;3;
10;3;3;
10;3;3;
10;3;3;
10;3;3;
10;3;3;
10;3;3;
10;3;3;
10;3;3;
10;3;3;
10;3;3;
10;3;3;
10;3;3;
10;3;3;
10;3;3;
10;3;3;
10;3;3;
10;3;3;
10;3;3;
10;3;3;
10;3;3;
10;3;3;
10;3;3;
10;3;3;
10;3;3;
10;3;3;
10;4;3;
10;4;3;
10;4;3;
10;4;3;
10;4;3;
10;4;3;
10;4;3;
10;4;3;
10;4;3;
10;4;3;
10;4;3;
10;4;3;
10;4;3;
10;4;3;
10;4;3;
10;4;3;
10;4;3;
10;4;3;
10;4;3;
10;4;3;
10;4;3;
10;4;3;
10;4;3;
10;4;3;
10;4;3;
10;4;3;
10;4;3;
10;4;3;
10;4;3;
10;4;3;
10;5;3;
10;5;3;
10;5;3;
10;5;3;
10;5;3;
10;5;3;
10;5;3;
10;5;3;
10;5;3;
10;5;3;
10;5;3;
10;5;3;
10;5;3;
10;5;3;
10;5;3;
10;5;3;
10;5;3;
10;5;3;
10;5;3;
10;5;3;
10;5;3;
10;5;3;
10;5;3;
10;5;3;
10;5;3;
10;5;3;
10;5;3;
10;5;3;
10;5;3;
10;5;3;
10;5;3;
10;5;3;
10;5;3;
10;5;3;
10;5;3;
10;5;3;
10;5;3;
10;5;3;
10;5;3;
10;5;3;
10;5;3;
10;5;3;
10;5;3;
10;5;3;
10;5;3;
10;5;3;
10;5;3;
10;5;3;
10;5;3;
10;5;3;
10;5;3;
10;5;3;
10;5;3;
10;5;3;
10;5;3;
10;5;3;
10;5;3;
10;5;3;
10;5;3;
10;5;3;
10;5;3;
10;5;3;
10;5;3;
10;5;3;
10;5;3;
10;5;3;
10;5;3;
10;5;3;
10;5;3;
10;5;3;
10;5;3;
10;5;3;
10;5;3;
10;5;3;
10;5;3;
10;5;3;
10;5;3;
10;5;3;
10;5;3;
10;5;3;
10;5;3;
10;5;3;
10;5;3;
10;5;3;
10;5;3;
10;5;3;
10;5;3;
10;5;3;
10;5;3;
10;5;3;
10;5;3;
10;5;3;
10;5;3;
10;5;3;
10;5;3;
10;5;3;
10;5;3;
10;5;3;
10;5;3;
10;5;3;
10;5;3;
10;5;3;
10;5;3;
10;5;3;
10;5;3;
10;5;3;
10;5;3;
10;5;3;
10;5;3;
10;5;3;
10;5;3;
10;5;3;
10;5;3;
10;5;3;
10;5;3;
10;5;3;
10;5;3;
10;5;3;
10;5;3;
10;5;3;
10;5;3;
10;5;3;
10;5;3;
10;5;3;
10;5;3;
10;5;3;
10;5;3;
10;5;3;
10;5;3;
10;5;3;
10;6;3;
10;6;3;
10;6;3;
10;6;3;
10;6;3;
10;6;3;
10;6;3;
10;6;3;
10;5;4;
10;5;4;
10;5;4;
10;5;4;
10;5;4;
10;5;4;
10;5;4;
10;5;4;
10;5;4;
10;6;4;
10;6;4;
10;6;4;
10;6;4;
10;6;4;
10;6;4;
10;6;4;
10;6;4;
10;6;4;
10;6;4;
10;6;4;
10;6;4;
10;6;4;
10;6;4;
10;6;4;
10;6;4;
10;6;4;
10;6;4;
10;6;4;
10;6;4;
10;6;4;
10;6;4;
10;6;4;
10;6;4;
10;6;4;
10;6;4;
10;6;4;
10;6;4;
10;6;4;
10;6;4;
10;6;4;
10;6;4;
10;6;4;
10;6;4;
10;6;4;
10;6;4;
10;6;4;
10;6;4;
10;6;4;
10;6;4;
10;6;4;
10;6;4;
10;6;4;
10;6;4;
10;6;4;
10;6;4;
10;6;4;
10;6;4;
10;6;4;
10;6;4;
10;6;4;
10;6;4;
10;6;4;
10;6;4;
10;6;4;
10;6;4;
10;6;4;
10;6;4;
10;6;4;
10;6;4;
10;6;4;
10;6;4;
10;6;4;
10;6;4;
10;6;4;
10;6;4;
10;6;4;
10;6;4;
10;6;4;
10;6;4;
10;6;4;
10;6;4;
10;6;4;
10;6;4;
10;6;4;
10;6;4;
10;6;4;
10;6;4;
10;6;4;
10;6;4;
10;6;4;
10;6;4;
10;6;4;
10;6;4;
10;6;4;
10;6;4;
10;6;4;
10;6;4;
10;6;4;
10;6;4;
10;6;4;
10;6;4;
10;6;4;
10;6;4;
10;6;4;
10;6;4;
10;6;4;
10;6;4;
10;6;4;
10;6;4;
10;6;4;
10;6;4;
10;6;4;
10;6;4;
10;6;4;
10;6;4;
10;6;4;
10;6;4;
10;6;4;
10;6;4;
10;6;4;
10;5;5;
10;5;5;
10;5;5;
10;5;5;
10;5;5;
10;5;5;
10;5;5;
10;5;5;
10;5;5;
10;5;5;
10;5;5;
10;5;5;
10;5;5;
10;5;5;
10;5;5;
10;5;5;
10;5;5;
10;4;6;
10;4;6;
10;4;6;
10;4;6;
10;4;6;
10;4;6;
10;4;6;
10;4;6;
10;4;6;
10;4;6;
10;4;6;
10;4;6;
10;4;6;
10;4;6;
10;4;6;
10;4;6;
10;4;6;
10;4;6;
10;4;6;
10;4;6;
10;4;6;
10;4;6;
10;4;6;
10;4;6;
10;4;6;
10;4;6;
10;4;6;
10;4;6;
10;4;6;
10;4;6;
10;4;6;
10;4;6;
10;4;6;
10;4;6;
10;4;6;
10;4;6;
10;4;6;
10;4;6;
10;4;6;
10;4;6;
10;4;6;
10;4;6;
10;4;6;
10;4;6;
10;4;6;
10;4;6;
10;4;6;
10;4;6;
10;4;6;
10;4;6;
10;4;6;
10;4;6;
10;4;6;
10;4;6;
10;4;6;
10;4;6;
10;4;6;
10;4;6;
10;4;6;
10;4;6;
10;4;6;
10;4;6;
10;4;6;
10;4;6;
10;4;6;
10;4;6;
10;4;6;
10;4;6;
10;4;6;
10;4;6;
10;4;6;
10;4;6;
10;4;6;
10;4;6;
10;4;6;
10;4;6;
10;4;6;
10;4;6;
10;4;6;
10;4;6;
10;4;6;
10;4;6;
10;4;6;
10;4;6;
10;4;6;
10;4;6;
10;4;6;
10;4;6;
10;4;6;
10;4;6;
10;4;6;
10;4;6;
10;4;6;
10;4;6;
10;4;6;
10;4;6;
10;4;6;
10;4;6;
10;4;6;
10;4;6;
10;4;6;
10;4;6;
10;4;6;
10;4;6;
10;4;6;
10;4;6;
10;4;5;
10;4;4;
10;4;4;
10;4;4;
10;4;4;
10;4;4;
10;4;4;
10;4;4;
10;4;4;
10;4;4;
10;4;4;
10;4;4;
10;4;4;
10;4;4;
10;4;4;
10;4;4;
10;4;4;
10;4;4;
10;4;4;
10;4;4;
10;5;4;
10;5;4;
10;5;4;
10;5;4;
10;5;4;
10;5;4;
10;5;4;
10;5;4;
10;5;4;
10;5;4;
10;5;4;
10;5;4;
10;5;4;
10;5;4;
10;5;4;
10;5;4;
10;5;4;
10;5;4;
10;5;4;
10;5;4;
10;5;4;
10;5;4;
10;5;4;
10;5;4;
10;5;4;
10;5;4;
10;5;4;
10;5;4;
10;5;4;
10;5;4;
10;5;4;
10;5;4;
10;5;4;
10;5;4;
10;5;4;
10;5;4;
10;5;4;
10;5;4;
10;5;4;
10;5;4;
10;5;4;
10;6;4;
10;6;4;
10;6;4;
10;6;4;
10;6;4;
10;6;4;
10;6;4;
10;6;4;
10;6;4;
10;6;4;
10;6;4;
10;6;4;
10;6;4;
10;6;4;
10;6;4;
10;6;4;
10;6;4;
10;6;4;
10;6;4;
10;6;4;
10;6;4;
10;6;4;
10;6;4;
10;6;4;
10;6;4;
10;6;4;
10;6;4;
10;6;4;
10;6;4;
10;6;4;
10;6;4;
10;6;4;
10;6;4;
10;6;4;
10;6;4;
10;6;4;
10;6;4;
10;6;4;
10;6;4;
10;6;4;
10;6;4;
10;6;4;
10;6;4;
10;6;4;
10;6;4;
10;6;4;
10;6;4;
10;6;4;
10;6;4;
10;6;4;
10;6;4;
10;6;4;
10;6;4;
10;6;4;
10;6;4;
10;6;4;
10;6;4;
10;6;4;
10;6;4;
10;6;4;
10;6;4;
10;6;4;
10;6;4;
10;6;4;
10;6;4;
10;6;4;
10;6;4;
10;6;4;
10;6;4;
10;6;4;
10;6;4;
10;6;4;
10;6;4;
10;6;4;
10;6;4;
10;6;4;
10;6;4;
10;6;5;
10;6;5;
10;6;5;
10;6;5;
10;6;5;
10;6;5;
10;6;5;
10;6;5;
10;6;5;
10;6;5;
10;6;5;
10;7;5;
10;7;5;
10;7;5;
10;7;5;
10;7;5;
10;7;5;
10;7;5;
10;7;5;
10;7;5;
10;7;5;
10;7;5;
10;6;6;
10;5;7;
10;4;8;
10;4;8;
10;4;8;
10;4;8;
10;4;8;
10;4;8;
10;4;8;
10;4;8;
10;3;9;
10;3;9;
10;3;9;
10;3;9;
10;3;9;
10;3;9;
10;3;9;
10;3;9;
10;3;9;
10;3;9;
10;3;9;
10;3;9;
10;3;9;
10;3;9;
10;3;9;
10;3;9;
10;3;9;
10;3;9;
10;3;9;
10;3;9;
10;3;9;
10;3;9;
10;3;9;
10;3;9;
10;3;9;
10;3;9;
10;3;9;
10;3;9;
10;3;9;
10;3;9;
10;2;10;
10;2;10;
10;2;10;
10;3;10;
10;3;10;
10;3;10;
10;3;10;
10;3;10;
10;3;10;
10;2;11;
10;2;11;
10;2;11;
10;2;11;
10;2;11;
10;2;11;
10;2;11;
10;2;11;
10;2;11;
10;2;11;
10;2;11;
10;2;11;
10;1;12;
10;1;12;
10;1;12;
10;1;12;
10;1;12;
10;1;12;
10;1;12;
10;1;12;
10;1;12;
10;1;12;
10;1;12;
10;1;12;
10;1;12;
10;1;12;
10;1;12;
10;1;12;
10;1;12;
10;1;12;
10;1;12;
10;1;12;
10;1;12;
10;1;12;
10;1;12;
10;1;12;
10;1;12;
10;1;12;
10;1;12;
10;1;12;
10;1;12;
10;1;12;
10;1;12;
10;1;12;
10;1;12;
10;1;12;
10;1;12;
10;1;12;
10;1;12;
10;1;12;
10;1;12;
10;1;12;
10;1;12;
10;1;12;
10;1;12;
10;1;12;
10;1;12;
10;1;12;
10;1;12;
10;1;12;
10;1;12;
10;1;12;
10;1;12;
10;1;12;
10;1;12;
10;1;12;
10;1;12;
10;1;12;
10;1;12;
10;1;12;
10;1;12;
10;1;12;
10;1;12;
10;1;12;
10;1;12;
10;1;12;
10;1;12;
10;1;12;
10;1;12;
10;1;12;
10;1;12;
10;1;12;
10;1;12;
10;1;12;
10;1;12;
10;1;12;
10;1;12;
10;1;12;
10;1;12;
10;1;12;
10;1;12;
10;1;12;
10;1;12;
10;1;12;
10;1;12;
10;1;12;
10;1;12;
10;1;12;
10;1;12;
10;1;12;
10;1;12;
10;1;12;
10;1;12;
10;1;12;
10;1;12;
10;1;12;
10;1;12;
10;1;12;
10;1;12;
10;1;12;
10;1;12;
10;1;12;
10;1;12;
10;1;12;
10;1;12;
10;1;12;
10;1;12;
10;1;12;
10;1;12;
10;1;12;
10;1;12;
10;1;12;
10;1;12;
10;1;12;
10;1;12;
10;1;12;
10;1;12;
10;1;12;
10;1;12;
10;1;12;
10;1;12;
10;1;12;
10;1;12;
10;1;12;
10;1;12;
10;1;12;
10;0;13;
result;Carnivore won;
10;3;3;
10;3;3;
10;3;3;
10;3;3;
10;3;3;
10;3;3;
10;3;3;
10;3;3;
10;3;3;
10;3;3;
10;3;3;
10;3;3;
10;3;3;
10;3;3;
10;3;3;
10;3;3;
10;3;3;
10;3;3;
10;3;3;
10;3;3;
10;3;3;
10;3;3;
10;3;3;
10;3;3;
10;3;3;
10;3;3;
10;3;3;
10;3;3;
10;3;3;
10;3;3;
10;3;3;
10;3;3;
10;3;3;
10;3;3;
10;3;3;
10;3;3;
10;3;3;
10;3;3;
10;3;3;
10;3;3;
10;3;3;
10;3;3;
10;3;3;
10;3;3;
10;3;3;
10;3;3;
10;3;3;
10;3;3;
10;3;3;
10;3;3;
10;3;3;
10;3;3;
10;3;3;
10;3;3;
10;3;3;
10;3;3;
10;3;3;
10;3;3;
10;3;3;
10;3;3;
10;3;3;
10;3;3;
10;3;3;
10;3;3;
10;3;3;
10;3;3;
10;3;3;
10;3;3;
10;3;3;
10;3;3;
10;3;3;
10;3;3;
10;3;3;
10;3;3;
10;3;3;
10;3;3;
10;3;3;
10;3;3;
10;3;3;
10;3;3;
10;3;3;
10;3;3;
10;3;3;
10;3;3;
10;3;3;
10;3;3;
10;3;3;
10;3;3;
10;3;3;
10;3;3;
10;3;3;
10;3;3;
10;3;3;
10;3;3;
10;3;3;
10;3;3;
10;3;3;
10;3;3;
10;3;3;
10;3;3;
10;3;3;
10;3;3;
10;3;3;
10;3;3;
10;3;3;
10;3;3;
10;3;3;
10;3;3;
10;3;3;
10;3;3;
10;3;3;
10;3;3;
10;3;3;
10;3;3;
10;3;3;
10;3;3;
10;3;3;
10;3;3;
10;3;3;
10;3;3;
10;3;3;
10;3;3;
10;3;3;
10;3;3;
10;3;3;
10;3;3;
10;3;3;
10;3;3;
10;3;3;
10;3;3;
10;3;3;
10;3;3;
10;3;3;
10;3;3;
10;3;3;
10;3;3;
10;3;3;
10;3;3;
10;3;3;
10;3;3;
10;4;3;
10;3;4;
10;4;4;
10;4;4;
10;4;4;
10;4;4;
10;4;4;
10;4;4;
10;4;4;
10;4;4;
10;4;4;
10;4;4;
10;4;4;
10;4;4;
10;4;4;
10;4;4;
10;4;4;
10;4;4;
10;4;4;
10;4;4;
10;4;4;
10;4;4;
10;4;4;
10;4;4;
10;4;4;
10;4;4;
10;4;4;
10;4;4;
10;4;4;
10;4;4;
10;4;4;
10;4;4;
10;4;4;
10;4;4;
10;4;4;
10;4;4;
10;4;4;
10;4;4;
10;4;4;
10;4;4;
10;4;4;
10;4;4;
10;4;4;
10;4;4;
10;4;4;
10;4;4;
10;4;4;
10;4;4;
10;4;4;
10;4;4;
10;4;4;
10;4;4;
10;4;4;
10;4;4;
10;4;4;
10;4;4;
10;4;4;
10;4;4;
10;4;4;
10;4;4;
10;4;4;
10;4;4;
10;3;5;
10;1;7;
10;1;7;
10;1;7;
10;1;7;
10;1;7;
10;1;7;
10;1;7;
10;1;7;
10;1;7;
10;1;7;
10;1;7;
10;1;7;
10;1;7;
10;1;7;
10;1;7;
10;1;7;
10;1;7;
10;1;7;
10;1;7;
10;1;7;
10;1;7;
10;1;7;
10;1;7;
10;1;7;
10;1;7;
10;1;7;
10;1;7;
10;1;7;
10;1;7;
10;1;7;
10;1;7;
10;1;7;
10;1;7;
10;1;7;
10;1;7;
10;1;7;
10;1;7;
10;1;7;
10;1;7;
10;1;7;
10;1;7;
10;1;7;
10;1;7;
10;1;7;
10;1;7;
10;1;7;
10;1;7;
10;1;7;
10;1;7;
10;1;7;
10;1;7;
10;1;7;
10;1;7;
10;1;7;
10;1;7;
10;1;7;
10;1;7;
10;1;7;
10;1;7;
10;1;7;
10;1;7;
10;1;7;
10;1;7;
10;1;7;
10;1;7;
10;1;7;
10;1;7;
10;1;7;
10;1;7;
10;1;7;
10;1;7;
10;1;7;
10;1;7;
10;1;7;
10;1;7;
10;1;7;
10;1;7;
10;1;7;
10;1;7;
10;1;7;
10;1;7;
10;1;7;
10;1;7;
10;1;7;
10;1;7;
10;1;7;
10;1;7;
10;2;7;
10;2;7;
10;2;7;
10;2;7;
10;2;7;
10;2;7;
10;2;7;
10;2;7;
10;2;7;
10;2;7;
10;2;7;
10;2;7;
10;2;7;
10;2;7;
10;2;7;
10;2;7;
10;2;7;
10;2;7;
10;2;7;
10;2;7;
10;2;7;
10;2;7;
10;2;7;
10;2;7;
10;2;7;
10;2;7;
10;2;7;
10;2;7;
10;2;7;
10;2;7;
10;2;7;
10;2;7;
10;2;7;
10;2;7;
10;2;7;
10;2;7;
10;2;7;
10;2;7;
10;2;7;
10;2;7;
10;2;7;
10;2;7;
10;2;7;
10;2;7;
10;2;7;
10;2;7;
10;2;7;
10;2;7;
10;2;7;
10;2;7;
10;2;7;
10;2;7;
10;2;7;
10;2;7;
10;2;7;
10;2;7;
10;2;7;
10;2;7;
10;1;8;
10;1;8;
10;1;8;
10;1;8;
10;1;8;
10;1;8;
10;1;8;
10;1;8;
10;1;8;
10;1;8;
10;1;8;
10;1;8;
10;1;8;
10;1;8;
10;1;8;
10;1;8;
10;1;8;
10;1;8;
10;1;8;
10;1;8;
10;1;8;
10;1;8;
10;1;8;
10;1;8;
10;1;8;
10;1;8;
10;1;8;
10;1;8;
10;1;8;
10;1;8;
10;2;8;
10;2;8;
10;2;8;
10;2;8;
10;2;8;
10;2;8;
10;2;8;
10;2;8;
10;2;8;
10;2;8;
10;2;8;
10;3;8;
10;3;8;
10;3;8;
10;3;8;
10;3;8;
10;3;8;
10;3;8;
10;3;8;
10;3;8;
10;3;8;
10;3;8;
10;3;8;
10;3;8;
10;3;8;
10;3;8;
10;3;8;
10;3;8;
10;3;8;
10;3;8;
10;3;8;
10;3;8;
10;3;8;
10;3;8;
10;3;8;
10;3;8;
10;3;8;
10;3;8;
10;3;8;
10;3;8;
10;3;8;
10;3;8;
10;3;8;
10;3;8;
10;3;8;
10;3;8;
10;3;8;
10;3;8;
10;3;8;
10;3;8;
10;3;8;
10;3;8;
10;3;8;
10;3;8;
10;4;8;
10;4;8;
10;4;8;
10;4;8;
10;4;8;
10;4;8;
10;4;8;
10;4;8;
10;4;8;
10;4;8;
10;4;8;
10;4;8;
10;4;8;
10;4;8;
10;4;8;
10;4;8;
10;4;8;
10;4;8;
10;4;8;
10;4;8;
10;4;8;
10;4;8;
10;4;8;
10;4;8;
10;4;8;
10;4;8;
10;4;8;
10;4;8;
10;4;8;
10;4;8;
10;4;8;
10;4;8;
10;4;8;
10;4;8;
10;4;8;
10;4;8;
10;4;8;
10;4;8;
10;4;8;
10;4;8;
10;4;8;
10;4;8;
10;4;8;
10;4;8;
10;4;8;
10;4;8;
10;4;8;
10;4;8;
10;4;8;
10;4;8;
10;4;8;
10;5;8;
10;5;8;
10;5;8;
10;5;8;
10;5;8;
10;5;8;
10;5;8;
10;5;8;
10;5;8;
10;5;8;
10;5;8;
10;5;8;
10;5;8;
10;5;8;
10;5;8;
10;5;8;
10;5;8;
10;5;8;
10;5;8;
10;5;8;
10;5;8;
10;5;8;
10;5;8;
10;5;8;
10;5;8;
10;5;8;
10;5;8;
10;5;8;
10;5;8;
10;5;8;
10;5;8;
10;5;8;
10;5;8;
10;5;8;
10;5;8;
10;5;8;
10;5;8;
10;5;8;
10;5;8;
10;5;8;
10;5;8;
10;5;8;
10;5;8;
10;5;8;
10;5;8;
10;5;8;
10;5;8;
10;5;8;
10;5;8;
10;5;8;
10;5;8;
10;5;8;
10;5;8;
10;5;8;
10;5;8;
10;5;8;
10;5;8;
10;5;8;
10;5;8;
10;5;8;
10;5;8;
10;5;8;
10;5;8;
10;5;8;
10;5;8;
10;5;8;
10;5;8;
10;5;8;
10;5;8;
10;5;8;
10;5;8;
10;5;8;
10;5;8;
10;5;8;
10;5;8;
10;5;8;
10;5;8;
10;5;8;
10;5;8;
10;5;8;
10;5;8;
10;5;8;
10;5;8;
10;5;8;
10;5;8;
10;5;8;
10;5;8;
10;5;8;
10;5;8;
10;5;8;
10;5;8;
10;5;8;
10;5;8;
10;5;8;
10;5;8;
10;5;8;
10;5;8;
10;5;7;
10;5;7;
10;5;7;
10;5;7;
10;5;7;
10;5;7;
10;5;7;
10;5;7;
10;5;7;
10;5;7;
10;5;7;
10;5;7;
10;5;7;
10;5;7;
10;5;7;
10;5;7;
10;5;7;
10;5;7;
10;5;7;
10;5;7;
10;5;7;
10;5;7;
10;5;7;
10;5;7;
10;5;7;
10;5;7;
10;5;7;
10;5;7;
10;5;7;
10;5;7;
10;5;7;
10;5;7;
10;5;7;
10;5;7;
10;5;7;
10;5;7;
10;5;7;
10;5;7;
10;5;7;
10;5;7;
10;5;7;
10;5;7;
10;5;7;
10;5;7;
10;5;7;
10;5;7;
10;5;7;
10;5;7;
10;5;7;
10;5;7;
10;5;7;
10;5;7;
10;5;7;
10;5;7;
10;5;7;
10;5;7;
10;5;7;
10;5;7;
10;5;7;
10;5;7;
10;5;7;
10;5;7;
10;5;7;
10;5;7;
10;5;7;
10;5;7;
10;5;7;
10;5;7;
10;5;7;
10;5;7;
10;5;7;
10;5;7;
10;6;7;
10;6;7;
10;6;7;
10;6;7;
10;6;7;
10;6;7;
10;6;7;
10;6;7;
10;6;7;
10;6;7;
10;6;7;
10;6;7;
10;6;7;
10;6;7;
10;6;7;
10;6;7;
10;6;7;
10;6;7;
10;6;7;
10;6;7;
10;6;7;
10;6;7;
10;6;7;
10;6;7;
10;6;7;
10;6;7;
10;6;7;
10;6;7;
10;6;7;
10;6;7;
10;6;7;
10;6;7;
10;6;7;
10;6;7;
10;6;7;
10;6;7;
10;6;7;
10;6;7;
10;6;7;
10;6;7;
10;6;7;
10;6;7;
10;6;7;
10;6;7;
10;6;7;
10;6;7;
10;6;7;
10;7;7;
10;7;7;
10;7;7;
10;7;7;
10;7;7;
10;7;7;
10;7;7;
10;7;7;
10;7;7;
10;7;7;
10;7;7;
10;7;7;
10;7;7;
10;7;7;
10;7;7;
10;7;7;
10;7;7;
10;7;7;
10;7;7;
10;7;7;
10;7;7;
10;7;7;
10;7;7;
10;7;7;
10;7;7;
10;7;7;
10;7;7;
10;7;7;
10;7;7;
10;7;7;
10;7;7;
10;7;7;
10;7;7;
10;7;7;
10;7;7;
10;7;7;
10;7;7;
10;7;7;
10;7;7;
10;7;7;
10;7;7;
10;7;7;
10;7;7;
10;7;7;
10;7;7;
10;8;7;
10;8;7;
10;8;7;
10;8;7;
10;8;7;
10;8;7;
10;8;7;
10;8;7;
10;8;7;
10;8;7;
10;8;7;
10;8;7;
10;8;7;
10;8;7;
10;8;7;
10;8;6;
10;8;6;
10;8;6;
10;8;6;
10;8;6;
10;8;6;
10;8;6;
10;8;6;
10;8;6;
10;8;6;
10;8;6;
10;8;6;
10;8;6;
10;8;6;
10;8;6;
10;8;6;
10;8;6;
10;8;6;
10;8;6;
10;8;6;
10;8;6;
10;8;6;
10;8;6;
10;8;6;
10;8;6;
10;8;6;
10;8;6;
10;8;6;
10;8;6;
10;8;6;
10;8;6;
10;8;6;
10;8;6;
10;8;6;
10;8;6;
10;8;6;
10;8;6;
10;8;6;
10;8;6;
10;8;6;
10;8;6;
10;8;6;
10;8;6;
10;8;6;
10;8;6;
10;8;6;
10;8;6;
10;8;6;
10;8;6;
10;8;6;
10;8;6;
10;8;6;
10;8;6;
10;8;6;
10;8;6;
10;9;6;
10;9;6;
10;9;6;
10;10;6;
10;10;6;
10;10;6;
10;10;6;
10;10;6;
10;10;6;
10;11;6;
10;11;6;
10;11;6;
10;11;6;
10;11;6;
10;11;6;
10;11;6;
10;11;6;
10;11;6;
10;11;6;
10;11;6;
10;11;6;
10;11;6;
10;11;6;
10;11;6;
10;11;6;
10;11;6;
10;11;6;
10;11;6;
10;11;6;
10;10;7;
10;9;8;
10;7;10;
10;7;10;
10;7;10;
10;7;11;
10;7;11;
10;8;11;
10;8;11;
10;8;11;
10;8;11;
10;8;11;
10;8;11;
10;8;11;
10;8;11;
10;8;11;
10;8;11;
10;8;11;
10;8;11;
10;8;11;
10;8;11;
10;8;11;
10;8;11;
10;8;11;
10;8;11;
10;8;11;
10;8;11;
10;8;11;
10;8;11;
10;8;11;
10;8;11;
10;8;11;
10;8;11;
10;8;11;
10;8;11;
10;8;11;
10;8;11;
10;8;11;
10;8;11;
10;8;11;
10;8;11;
10;8;11;
10;8;11;
10;8;11;
10;8;11;
10;8;11;
10;8;11;
10;8;11;
10;8;11;
10;8;11;
10;8;11;
10;8;11;
10;8;11;
10;8;11;
10;8;11;
10;8;11;
10;8;11;
10;8;11;
10;8;11;
10;8;11;
10;8;11;
10;8;11;
10;8;11;
10;8;11;
10;8;11;
10;8;11;
10;8;11;
10;8;11;
10;8;11;
10;8;11;
10;8;11;
10;8;11;
10;8;11;
10;8;11;
10;8;11;
10;8;11;
10;8;11;
10;8;11;
10;8;11;
10;8;11;
10;8;11;
10;8;11;
10;8;11;
10;9;11;
10;8;12;
10;8;12;
10;8;12;
10;8;12;
10;8;12;
10;8;12;
10;8;12;
10;8;12;
10;8;12;
10;8;12;
10;8;11;
10;8;11;
10;8;11;
10;8;11;
10;8;11;
10;8;11;
10;8;11;
10;8;11;
10;8;11;
10;8;11;
10;8;11;
10;8;11;
10;8;11;
10;8;11;
10;8;11;
10;8;11;
10;8;11;
10;8;11;
10;8;11;
10;8;11;
10;8;11;
10;8;11;
10;8;11;
10;8;11;
10;8;11;
10;8;11;
10;8;11;
10;8;11;
10;8;11;
10;8;11;
10;8;11;
10;8;11;
10;8;11;
10;8;11;
10;8;11;
10;8;11;
10;8;11;
10;8;11;
10;8;11;
10;8;11;
10;8;11;
10;8;11;
10;8;11;
10;8;11;
10;8;11;
10;8;11;
10;8;11;
10;8;11;
10;8;11;
10;8;11;
10;8;11;
10;8;11;
10;8;11;
10;8;11;
10;8;11;
10;8;11;
10;8;11;
10;8;11;
10;8;11;
10;8;11;
10;8;11;
10;8;11;
10;8;11;
10;8;11;
10;6;13;
10;6;13;
10;6;13;
10;6;13;
10;6;13;
10;6;13;
10;6;13;
10;6;13;
10;6;13;
10;6;13;
10;6;13;
10;6;13;
10;6;13;
10;6;13;
10;6;13;
10;6;13;
10;6;13;
10;6;13;
10;6;13;
10;6;13;
10;6;13;
10;6;13;
10;6;13;
10;6;13;
10;6;13;
10;6;13;
10;6;13;
10;6;13;
10;7;13;
10;7;13;
10;7;13;
10;7;13;
10;7;13;
10;7;13;
10;7;13;
10;7;13;
10;7;13;
10;7;13;
10;7;13;
10;7;13;
10;7;13;
10;7;13;
10;7;13;
10;7;13;
10;7;13;
10;7;13;
10;7;13;
10;7;13;
10;7;13;
10;7;13;
10;7;13;
10;7;13;
10;7;13;
10;7;13;
10;7;13;
10;7;13;
10;7;13;
10;8;13;
10;8;13;
10;8;13;
10;8;13;
10;8;13;
10;8;13;
10;8;13;
10;8;13;
10;9;13;
10;7;15;
10;5;17;
10;5;17;
10;5;17;
10;5;17;
10;5;17;
10;5;17;
10;5;17;
10;5;17;
10;5;17;
10;5;17;
10;5;17;
10;5;17;
10;5;17;
10;5;17;
10;5;17;
10;5;17;
10;5;17;
10;5;17;
10;5;17;
10;5;17;
10;5;17;
10;5;17;
10;5;17;
10;5;17;
10;5;17;
10;5;17;
10;5;17;
10;5;17;
10;5;17;
10;5;17;
10;5;17;
10;5;17;
10;5;17;
10;5;17;
10;5;17;
10;5;17;
10;5;17;
10;5;17;
10;5;17;
10;5;17;
10;5;17;
10;5;17;
10;6;17;
10;6;17;
10;7;17;
10;7;17;
10;6;18;
10;4;20;
10;4;20;
10;4;20;
10;4;20;
10;4;20;
10;4;20;
10;4;20;
10;4;20;
10;4;20;
10;4;20;
10;4;20;
10;2;22;
10;2;22;
10;2;22;
10;2;22;
10;2;22;
10;2;22;
10;2;22;
10;2;22;
10;2;22;
10;2;22;
10;2;22;
10;2;22;
10;2;22;
10;2;22;
10;2;22;
10;2;22;
10;2;22;
10;2;22;
10;2;22;
10;2;22;
10;2;22;
10;2;22;
10;2;22;
10;2;22;
10;2;22;
10;2;22;
10;2;22;
10;2;22;
10;2;22;
10;2;22;
10;2;22;
10;2;22;
10;2;22;
10;2;22;
10;2;22;
10;2;22;
10;2;22;
10;0;24;
result;Carnivore won;
